0.000000
0.000000
0.000000
0.000000
0.000000
0.000000
0.000000
912577.172257
953035.832678
977691.845979
1037060.949795
928938.453222
978054.449926
802657.322233
783027.376530
744948.835772
751531.442800
671549.162051
537291.499333
641868.369804
731663.091771
423602.612413
431448.681702
378240.077109
489942.416035
361171.804987
265076.390362
295794.593228
275129.844834
571259.845472
221523.645753
180945.941279
212202.829626
178640.977942
228274.240934
134038.522777
154116.258122
206339.673617
174115.108661
204504.857876
135879.097454
112586.964156
187578.543019
228422.892045
164982.951069
68395.683365
218646.946126
54724.568806
290470.409833
220588.371111
155920.871201
548966.642791
35505.464686
74434.328009
69247.059686
71937.169826
154008.018328
30333.794304
22657.187788
105188.453380
92620.584928
98669.207877
37921.704948
55439.231290
157944.375435
52068.911608
98032.050181
49698.779027
44138.749569
90740.801988
91069.465984
57083.159608
77707.612436
17674.594002
18856.834911
63418.618779
282649.264962
85264.857769
94885.155880
4985.307469
11284.397454
407019.840000
32606.700992
46824.556230
28485.962682
28101.881486
42961.416334
69656.411933
63618.278207
33181.391059
132183.809934
75809.573759
52982.648905
70417.580674
231345.162921
24090.494924
70886.658030
39527.514760
9929.414113
8540.048209
99052.158426
88258.044793
38318.968581
92352.071226
78562.161013
31007.137074
20132.316373
25462.907850
21971.930260
28574.189467
25479.779462
71902.078145
19746.928311
7179.104436
18695.072741
52098.885474
44201.195158
34589.514936
71526.490069
83095.687096
11070.331172
125502.592765
1082646.157484
263176.381111
20230.297517
9585.970753
39918.172722
16228.065086
16527.994957
34236.086664
28502.468618
9798.831225
15927.269944
79745.742318
60667.812843
10661.410622
24697.017844
28785.759642
15161.231598
4578.639413
7915.654303
5771.563756
38109.314892
50028.949505
11195.071941
40190.818696
64530.680789
43344.836447
90120.635078
39016.373558
9100.368283
4615.229781
15251.291418
28657.188292
11621.065069
7908.262324
1842.097950
45774.629287
3719.208568
4504.553770
16695.664390
6601.308124
2236.999137
21852.928133
5064.448760
3248.222060
450.271846
11417.460199
3170.302705
787.102958
1481.970018
8021.218466
14562.668993
25859.146045
18273.717923
2511.554152
50686.012664
22236.878948
15436.082210
5269.198229
13700.190717
2577.041945
609.784434
1763.723881
3797.966982
292.537645
3087.652037
20.230194
23.383595
61.922685
199.377402
10.924804
138.697418
5.687248
16.846806
15.604363
70.313809
63.171366
14.421180
166.853992
320.650066
32.702913
10.633005
161.464854
1776.377952
970.468443
54.619788
138.642139
22224.144336
23233.149931
2.930286
82.942038
731.293398
360.282682
2274.023343
88.999894
206.192045
3674.498959
47537.157732
175756.380957
182836.215914
18776.010796
6280.106611
2320.835378
354.211931
156.978665
5.253193
66.437796
511.029413
76.630622
17.401007
24.447520
8.929297
3418.829948
9599.852897
4842.116169
586.910743
133.228211
1174.773774
912.518226
36.019370
46676.421733
5753.085942
2877.040962
40237.581300
23360.727103
6642.715118
3281.774025
59366.655859
1247.904226
50836.525782
52.634845
5827.348527
238.814450
43697.714998
160559.870385
